1000	0.0000000000e+00
2000	0.0000000000e+00
3000	0.0000000000e+00
4000	0.0000000000e+00
5000	0.0000000000e+00
6000	0.0000000000e+00
7000	1.5656000000e-03
8000	0.0000000000e+00
9000	1.5566000000e-03
10000	0.0000000000e+00
11000	0.0000000000e+00
12000	1.5664000000e-03
13000	1.5663000000e-03
14000	1.5731000000e-03
15000	1.5608000000e-03
16000	1.5628000000e-03
17000	0.0000000000e+00
18000	1.5697000000e-03
19000	1.5629000000e-03
20000	3.1258000000e-03
21000	1.5613000000e-03
22000	3.1256000000e-03
23000	1.5629000000e-03
24000	1.5677000000e-03
25000	3.1259000000e-03
26000	3.1244000000e-03
27000	3.1252000000e-03
28000	3.1249000000e-03
29000	1.5588000000e-03
30000	3.1252000000e-03
31000	3.1357000000e-03
32000	3.1231000000e-03
33000	3.1250000000e-03
34000	0.0000000000e+00
35000	4.6876000000e-03
36000	3.1256000000e-03
37000	3.1249000000e-03
38000	4.6879000000e-03
39000	1.5625000000e-03
40000	3.1248000000e-03
41000	4.6871000000e-03
42000	6.2503000000e-03
43000	4.6866000000e-03
44000	4.6879000000e-03
45000	4.6879000000e-03
46000	6.2500000000e-03
47000	3.1252000000e-03
48000	6.2506000000e-03
49000	3.1250000000e-03
50000	4.6871000000e-03
51000	4.6876000000e-03
52000	6.2496000000e-03
53000	4.6883000000e-03
54000	6.2494000000e-03
55000	4.6878000000e-03
56000	4.6876000000e-03
57000	7.8124000000e-03
58000	6.2501000000e-03
59000	6.2498000000e-03
60000	7.8125000000e-03
61000	6.2514000000e-03
62000	7.8116000000e-03
63000	6.2503000000e-03
64000	7.8116000000e-03
65000	7.8126000000e-03
66000	4.6877000000e-03
67000	7.8110000000e-03
68000	7.8125000000e-03
69000	7.8128000000e-03
70000	7.8119000000e-03
71000	7.8107000000e-03
72000	7.8121000000e-03
73000	7.8132000000e-03
74000	9.3748000000e-03
75000	7.8135000000e-03
76000	9.3737000000e-03
77000	9.3755000000e-03
78000	6.2496000000e-03
79000	6.2499000000e-03
80000	7.8120000000e-03
81000	7.8135000000e-03
82000	1.0938000000e-02
83000	9.3748000000e-03
84000	1.0937400000e-02
85000	7.8123000000e-03
86000	1.0936800000e-02
87000	9.3751000000e-03
88000	7.8131000000e-03
89000	1.0937300000e-02
90000	9.3750000000e-03
91000	1.0937400000e-02
92000	7.8128000000e-03
93000	1.2500400000e-02
94000	9.3743000000e-03
95000	9.3750000000e-03
96000	1.0938300000e-02
97000	1.0937400000e-02
98000	1.2499500000e-02
99000	9.3747000000e-03
100000	1.0938300000e-02
101000	1.2499400000e-02
102000	1.0937300000e-02
103000	1.0938400000e-02
104000	1.0937000000e-02
105000	1.0937400000e-02
106000	1.2499100000e-02
107000	1.2499800000e-02
108000	1.2500800000e-02
109000	1.4062000000e-02
110000	1.4063200000e-02
111000	1.4061600000e-02
112000	1.2500900000e-02
113000	1.2500300000e-02
114000	1.2498300000e-02
115000	1.4063100000e-02
116000	1.2498600000e-02
117000	1.2499700000e-02
118000	1.5625300000e-02
119000	1.0937600000e-02
120000	1.4062000000e-02
121000	1.2500200000e-02
122000	1.5624700000e-02
123000	1.5625100000e-02
124000	1.0937100000e-02
125000	1.7187600000e-02
126000	1.5624000000e-02
127000	1.5624800000e-02
128000	1.5626600000e-02
129000	1.5624000000e-02
130000	1.5623900000e-02
131000	1.5625400000e-02
132000	1.5626300000e-02
133000	1.5624800000e-02
134000	1.5624900000e-02
135000	1.5623300000e-02
136000	1.7188000000e-02
137000	1.5624600000e-02
138000	1.5623500000e-02
139000	1.5624600000e-02
140000	1.5622700000e-02
141000	1.7187500000e-02
142000	1.7188000000e-02
143000	1.5625000000e-02
144000	1.5627500000e-02
145000	1.5625000000e-02
146000	1.7192300000e-02
147000	1.8751100000e-02
148000	1.5623800000e-02
149000	1.8750500000e-02
150000	1.8749200000e-02
151000	1.5625300000e-02
152000	1.8750000000e-02
153000	1.7189600000e-02
154000	1.7187600000e-02
155000	1.7187700000e-02
156000	2.0311000000e-02
157000	2.0313000000e-02
158000	1.8749900000e-02
159000	2.0313500000e-02
160000	1.8749300000e-02
161000	2.1874700000e-02
162000	1.8748900000e-02
163000	1.8749700000e-02
164000	2.0313000000e-02
165000	1.7186400000e-02
166000	1.8749600000e-02
167000	2.0312900000e-02
168000	2.0309400000e-02
169000	2.0312100000e-02
170000	1.8750200000e-02
171000	2.0312500000e-02
172000	2.0311500000e-02
173000	1.8749100000e-02
174000	2.1875100000e-02
175000	2.1877100000e-02
176000	2.0312300000e-02
177000	2.1875300000e-02
178000	2.0320600000e-02
179000	2.0313200000e-02
180000	2.3436900000e-02
181000	1.8751000000e-02
182000	2.1875500000e-02
183000	2.3439000000e-02
184000	2.3434900000e-02
185000	2.3437500000e-02
186000	2.3438100000e-02
187000	2.3437000000e-02
188000	2.3438300000e-02
189000	2.1875600000e-02
190000	2.3436200000e-02
191000	2.5001400000e-02
192000	2.3436000000e-02
193000	2.3438400000e-02
194000	2.5000300000e-02
195000	2.5000100000e-02
196000	2.3436800000e-02
197000	2.5001200000e-02
198000	2.5026000000e-02
199000	2.1874900000e-02
200000	2.4999900000e-02
201000	2.3438300000e-02
202000	2.3437700000e-02
203000	2.1874900000e-02
204000	2.0313100000e-02
205000	2.5002500000e-02
206000	2.5001100000e-02
207000	2.4999600000e-02
208000	2.3436800000e-02
209000	2.4999700000e-02
210000	2.8124600000e-02
211000	2.6563000000e-02
212000	2.6562200000e-02
213000	2.3437000000e-02
214000	2.6562000000e-02
215000	2.6575500000e-02
216000	2.6563400000e-02
217000	2.6561800000e-02
218000	2.6563500000e-02
219000	2.6563100000e-02
220000	2.6561700000e-02
221000	2.8124200000e-02
222000	2.5000200000e-02
223000	2.8124000000e-02
224000	2.6561100000e-02
225000	2.8126400000e-02
226000	2.8123700000e-02
227000	2.8124700000e-02
228000	2.8125600000e-02
229000	2.6562800000e-02
230000	2.8126600000e-02
231000	2.6562100000e-02
232000	2.6560500000e-02
233000	3.1249900000e-02
234000	2.6562600000e-02
235000	3.1250600000e-02
236000	3.1249800000e-02
237000	3.1250300000e-02
238000	3.1249300000e-02
239000	3.1249900000e-02
240000	3.1251000000e-02
241000	3.1249300000e-02
242000	3.2812600000e-02
243000	3.1250500000e-02
244000	3.1249200000e-02
245000	3.1250200000e-02
246000	3.1250000000e-02
247000	3.2812800000e-02
248000	2.9687000000e-02
249000	3.1249000000e-02
250000	3.1249400000e-02
251000	3.1249400000e-02
252000	3.1250000000e-02
253000	3.1250200000e-02
254000	3.1250700000e-02
255000	2.9711100000e-02
256000	3.1238400000e-02
257000	3.2812600000e-02
258000	3.2811600000e-02
259000	3.1251100000e-02
260000	3.1248700000e-02
261000	3.1249700000e-02
262000	3.2812400000e-02
263000	3.4375300000e-02
264000	3.4375400000e-02
265000	3.2818500000e-02
266000	3.2811600000e-02
267000	3.4374900000e-02
268000	3.2813100000e-02
269000	3.2818900000e-02
270000	3.2813200000e-02
271000	3.5937400000e-02
272000	3.4375300000e-02
273000	3.2811900000e-02
274000	3.5937100000e-02
275000	3.2812200000e-02
276000	3.2812400000e-02
277000	3.2811700000e-02
278000	3.2815000000e-02
279000	3.4382100000e-02
280000	3.2811400000e-02
281000	3.4375100000e-02
282000	3.2811800000e-02
283000	3.5937600000e-02
284000	3.4373300000e-02
285000	3.5937600000e-02
286000	3.7500800000e-02
287000	3.7499500000e-02
288000	3.4374800000e-02
289000	3.5937700000e-02
290000	3.4375100000e-02
291000	3.5939400000e-02
292000	3.5939300000e-02
293000	3.5936000000e-02
294000	3.7499200000e-02
295000	3.7502000000e-02
296000	3.9061700000e-02
297000	3.9061800000e-02
298000	3.9072200000e-02
299000	3.5937700000e-02
300000	3.9060300000e-02
301000	3.5937900000e-02
302000	3.7498900000e-02
303000	3.7501300000e-02
304000	3.5937800000e-02
305000	3.7500100000e-02
306000	3.9061800000e-02
307000	3.9061800000e-02
308000	3.7500700000e-02
309000	3.9062600000e-02
310000	3.9064000000e-02
311000	4.2187300000e-02
312000	3.7507300000e-02
313000	3.5952800000e-02
314000	3.7500700000e-02
315000	4.0630600000e-02
316000	4.2188300000e-02
317000	3.9061000000e-02
318000	3.9066800000e-02
319000	4.0624300000e-02
320000	4.2188400000e-02
321000	3.9047900000e-02
322000	4.0623900000e-02
323000	4.0624100000e-02
324000	4.0624900000e-02
325000	4.0624500000e-02
326000	4.2187500000e-02
327000	4.2189900000e-02
328000	4.0622800000e-02
329000	4.0623600000e-02
330000	4.0625700000e-02
331000	4.3750300000e-02
332000	4.2187200000e-02
333000	4.0639300000e-02
334000	4.2181000000e-02
335000	4.3748800000e-02
336000	4.2187600000e-02
337000	4.3750700000e-02
338000	4.3748900000e-02
339000	4.3749100000e-02
340000	4.2186500000e-02
341000	4.6874800000e-02
342000	4.6874800000e-02
343000	3.4373300000e-02
344000	4.2186700000e-02
345000	4.6875800000e-02
346000	4.6874700000e-02
347000	4.6876500000e-02
348000	3.9061400000e-02
349000	3.5946700000e-02
350000	4.6874800000e-02
351000	4.6875100000e-02
352000	4.3750000000e-02
353000	4.3756700000e-02
354000	4.6875500000e-02
355000	4.6875200000e-02
356000	4.5314100000e-02
357000	4.6886200000e-02
358000	4.5319500000e-02
359000	4.5310100000e-02
360000	4.6876400000e-02
361000	4.5305300000e-02
362000	4.5299700000e-02
363000	4.6887600000e-02
364000	4.6874100000e-02
365000	4.6874000000e-02
366000	4.6875500000e-02
367000	4.6874400000e-02
368000	4.6873300000e-02
369000	4.8437800000e-02
370000	4.6879400000e-02
371000	4.6875600000e-02
372000	4.6875300000e-02
373000	4.8436700000e-02
374000	4.8437000000e-02
375000	4.8437800000e-02
376000	4.8438700000e-02
377000	4.8435700000e-02
378000	4.6876700000e-02
379000	4.6875300000e-02
380000	4.8437700000e-02
381000	4.8440000000e-02
382000	5.3124500000e-02
383000	4.6884900000e-02
384000	4.8441700000e-02
385000	5.0000100000e-02
386000	5.1561900000e-02
387000	5.1563100000e-02
388000	4.9998300000e-02
389000	5.1571800000e-02
390000	5.1562800000e-02
391000	4.8439100000e-02
392000	5.1553800000e-02
393000	5.1571300000e-02
394000	5.1561600000e-02
395000	5.0001500000e-02
396000	5.1562600000e-02
397000	5.1563500000e-02
398000	4.9997600000e-02
399000	4.8429500000e-02
400000	4.8437000000e-02
401000	5.3124300000e-02
402000	5.4688000000e-02
403000	5.4686300000e-02
404000	5.1562000000e-02
405000	5.6249700000e-02
406000	5.1570900000e-02
407000	5.4686400000e-02
408000	5.4689200000e-02
409000	5.4687600000e-02
410000	5.3125200000e-02
411000	5.3124100000e-02
412000	5.4687700000e-02
413000	5.3132600000e-02
414000	5.4687700000e-02
415000	5.4688100000e-02
416000	5.3126800000e-02
417000	5.3125100000e-02
418000	5.3125900000e-02
419000	5.4688700000e-02
420000	5.3124900000e-02
421000	5.3125000000e-02
422000	5.4687200000e-02
423000	5.4688300000e-02
424000	5.6248600000e-02
425000	5.6240800000e-02
426000	5.3127100000e-02
427000	5.6256800000e-02
428000	5.6250700000e-02
429000	5.6248500000e-02
430000	5.4688000000e-02
431000	5.7812100000e-02
432000	5.6241500000e-02
433000	5.3125600000e-02
434000	5.9375000000e-02
435000	5.6250700000e-02
436000	5.7812500000e-02
437000	5.6251200000e-02
438000	5.6247400000e-02
439000	5.9373600000e-02
440000	5.7821600000e-02
441000	5.7812100000e-02
442000	5.9375400000e-02
443000	6.0936000000e-02
444000	5.6249400000e-02
445000	6.2500000000e-02
446000	5.6241000000e-02
447000	6.2501300000e-02
448000	5.6248400000e-02
449000	5.1561000000e-02
450000	5.6258200000e-02
451000	6.2499600000e-02
452000	6.2499700000e-02
453000	5.4687400000e-02
454000	6.2498900000e-02
455000	6.2500800000e-02
456000	5.4692400000e-02
457000	6.0937800000e-02
458000	5.4687600000e-02
459000	6.4062400000e-02
460000	6.2500000000e-02
461000	5.7812200000e-02
462000	6.4061400000e-02
463000	5.9376400000e-02
464000	6.0936100000e-02
465000	6.0936800000e-02
466000	5.9376100000e-02
467000	6.0942800000e-02
468000	6.0937700000e-02
469000	6.2500700000e-02
470000	6.0936900000e-02
471000	6.2509000000e-02
472000	6.4062600000e-02
473000	6.2498700000e-02
474000	6.2500800000e-02
475000	6.2502100000e-02
476000	6.2499100000e-02
477000	6.2508900000e-02
478000	6.2501100000e-02
479000	6.4063200000e-02
480000	6.2499500000e-02
481000	6.2500400000e-02
482000	6.2498300000e-02
483000	6.4062400000e-02
484000	6.2492400000e-02
485000	6.5625400000e-02
486000	6.4061500000e-02
487000	6.2497800000e-02
488000	6.4062900000e-02
489000	6.2490000000e-02
490000	6.8750100000e-02
491000	6.2509000000e-02
492000	6.4060500000e-02
493000	6.4063300000e-02
494000	6.4062400000e-02
495000	6.5633500000e-02
496000	6.5629200000e-02
497000	6.5625900000e-02
498000	6.5633200000e-02
499000	6.5625400000e-02
500000	6.5622300000e-02
501000	6.2499100000e-02
502000	6.5626300000e-02
503000	6.4065000000e-02
504000	6.5625000000e-02
505000	6.5625100000e-02
506000	6.2501100000e-02
507000	6.5622700000e-02
508000	6.5625600000e-02
509000	7.0312200000e-02
510000	7.1875000000e-02
511000	6.5624200000e-02
512000	6.8749700000e-02
513000	6.5625500000e-02
514000	6.7185300000e-02
515000	6.7186500000e-02
516000	6.8752200000e-02
517000	6.7197100000e-02
518000	6.8750000000e-02
519000	6.7186000000e-02
520000	7.0312100000e-02
521000	7.0313100000e-02
522000	6.8748500000e-02
523000	6.7201300000e-02
524000	6.8749400000e-02
525000	6.7192100000e-02
526000	7.1875500000e-02
527000	7.0311800000e-02
528000	7.0312200000e-02
529000	7.0313000000e-02
530000	7.0310900000e-02
531000	6.8768400000e-02
532000	7.0309900000e-02
533000	7.1875000000e-02
534000	7.1874600000e-02
535000	7.1875100000e-02
536000	7.1874500000e-02
537000	6.8751400000e-02
538000	7.0319900000e-02
539000	6.7188900000e-02
540000	7.3437000000e-02
541000	7.3437400000e-02
542000	7.1875500000e-02
543000	7.1878800000e-02
544000	7.0310700000e-02
545000	7.3446700000e-02
546000	7.4999900000e-02
547000	7.1874300000e-02
548000	7.8124200000e-02
549000	7.6570600000e-02
550000	6.7621900000e-02
551000	7.1877800000e-02
552000	7.5000700000e-02
553000	7.8124400000e-02
554000	7.8125600000e-02
555000	7.8124300000e-02
556000	7.3441100000e-02
557000	7.8125500000e-02
558000	7.8124800000e-02
559000	7.8125500000e-02
560000	7.8133900000e-02
561000	7.8124700000e-02
562000	7.6574200000e-02
563000	7.5000700000e-02
564000	7.8124900000e-02
565000	7.4999900000e-02
566000	7.3437700000e-02
567000	7.5005700000e-02
568000	7.6562400000e-02
569000	7.6570900000e-02
570000	7.8125100000e-02
571000	7.5010600000e-02
572000	7.4997800000e-02
573000	7.8124200000e-02
574000	7.8125000000e-02
575000	7.8124800000e-02
576000	7.8124000000e-02
577000	7.6564500000e-02
578000	7.6560600000e-02
579000	7.6558300000e-02
580000	7.8126400000e-02
581000	7.8126600000e-02
582000	7.8125300000e-02
583000	7.9695500000e-02
584000	7.8127500000e-02
585000	7.8124700000e-02
586000	7.8127400000e-02
587000	7.9688700000e-02
588000	7.8127200000e-02
589000	7.8125200000e-02
590000	7.9687400000e-02
591000	7.8130400000e-02
592000	8.1251100000e-02
593000	7.9684000000e-02
594000	7.9688300000e-02
595000	8.2799500000e-02
596000	7.9688000000e-02
597000	7.8124000000e-02
598000	7.9688900000e-02
599000	7.8133700000e-02
600000	7.9689500000e-02
601000	8.4375700000e-02
602000	7.9696700000e-02
603000	8.2812500000e-02
604000	8.2813800000e-02
605000	7.9688400000e-02
606000	7.9689500000e-02
607000	8.1250000000e-02
608000	7.8127900000e-02
609000	8.4375900000e-02
610000	8.1258700000e-02
611000	8.2812500000e-02
612000	8.2812600000e-02
613000	8.1252900000e-02
614000	8.2814400000e-02
615000	8.1249600000e-02
616000	8.2812600000e-02
617000	8.2811800000e-02
618000	8.2823300000e-02
619000	8.4365600000e-02
620000	8.4384000000e-02
621000	8.2825400000e-02
622000	8.2810800000e-02
623000	8.4374400000e-02
624000	8.4373800000e-02
625000	8.2812200000e-02
626000	8.2812600000e-02
627000	8.4374100000e-02
628000	8.4375100000e-02
629000	8.5939800000e-02
630000	8.7501500000e-02
631000	8.5935900000e-02
632000	8.5937400000e-02
633000	8.7500200000e-02
634000	8.4375000000e-02
635000	8.7498900000e-02
636000	8.5938100000e-02
637000	8.2814600000e-02
638000	8.5940600000e-02
639000	8.7501700000e-02
640000	8.5936500000e-02
641000	8.5937200000e-02
642000	8.7499800000e-02
643000	8.9060700000e-02
644000	8.7499100000e-02
645000	8.7500400000e-02
646000	8.9061700000e-02
647000	8.7501100000e-02
648000	9.0625600000e-02
649000	8.4373300000e-02
650000	8.5933600000e-02
651000	8.5933000000e-02
652000	9.2188700000e-02
653000	7.9685600000e-02
654000	8.4375600000e-02
655000	8.2814700000e-02
656000	8.5933900000e-02
657000	9.0624100000e-02
658000	9.3749300000e-02
659000	9.0625400000e-02
660000	8.5940800000e-02
661000	8.5938200000e-02
662000	8.9060900000e-02
663000	8.9062100000e-02
664000	9.0624100000e-02
665000	9.5313400000e-02
666000	9.0624200000e-02
667000	9.6888900000e-02
668000	9.6874900000e-02
669000	9.0629200000e-02
670000	9.2188400000e-02
671000	9.2195900000e-02
672000	9.5311700000e-02
673000	8.9063100000e-02
674000	9.0624200000e-02
675000	9.3750400000e-02
676000	9.2189300000e-02
677000	9.3750400000e-02
678000	9.2192500000e-02
679000	9.2189100000e-02
680000	9.2185000000e-02
681000	9.3753500000e-02
682000	9.3752500000e-02
683000	9.2191000000e-02
684000	9.5317000000e-02
685000	9.3748100000e-02
686000	9.5313000000e-02
687000	9.3750800000e-02
688000	9.3743400000e-02
689000	9.6874800000e-02
690000	9.3746300000e-02
691000	9.3747600000e-02
692000	9.3748100000e-02
693000	9.3737400000e-02
694000	9.3749600000e-02
695000	9.3760700000e-02
696000	9.3750400000e-02
697000	9.3751300000e-02
698000	9.5319300000e-02
699000	9.9995400000e-02
700000	9.9998700000e-02
701000	9.6874600000e-02
702000	9.5314100000e-02
703000	9.8438100000e-02
704000	1.0000130000e-01
705000	9.8430700000e-02
706000	9.8439000000e-02
707000	1.0000240000e-01
708000	9.6878500000e-02
709000	9.8436400000e-02
710000	1.0000090000e-01
711000	9.8436300000e-02
712000	9.9999200000e-02
713000	9.8438500000e-02
714000	9.6880900000e-02
715000	1.0156320000e-01
716000	9.6874800000e-02
717000	9.8428000000e-02
718000	1.0000290000e-01
719000	9.8434500000e-02
720000	9.6888700000e-02
721000	1.0000130000e-01
722000	9.6876700000e-02
723000	9.8441400000e-02
724000	1.0000040000e-01
725000	1.0156790000e-01
726000	9.9999000000e-02
727000	9.9999000000e-02
728000	9.9999100000e-02
729000	9.9994600000e-02
730000	9.8451100000e-02
731000	1.0000830000e-01
732000	1.0156190000e-01
733000	1.0313050000e-01
734000	1.0156040000e-01
735000	1.0156260000e-01
736000	9.9999700000e-02
737000	1.0468840000e-01
738000	1.0156210000e-01
739000	9.8436500000e-02
740000	9.8436600000e-02
741000	1.0155910000e-01
742000	1.0156590000e-01
743000	9.9999100000e-02
744000	1.0313130000e-01
745000	1.0781190000e-01
746000	1.0469680000e-01
747000	1.0624950000e-01
748000	1.0468480000e-01
749000	1.0937450000e-01
750000	1.0937520000e-01
751000	9.8437900000e-02
752000	9.8436500000e-02
753000	9.3748000000e-02
754000	9.5318200000e-02
755000	1.0468700000e-01
756000	1.0781040000e-01
757000	9.6883000000e-02
758000	1.0781170000e-01
759000	1.0781230000e-01
760000	1.0469690000e-01
761000	1.0624740000e-01
762000	1.0156180000e-01
763000	1.0156370000e-01
764000	1.0312350000e-01
765000	9.8436500000e-02
766000	1.0781310000e-01
767000	1.0468960000e-01
768000	1.0312570000e-01
769000	1.0937280000e-01
770000	1.0468910000e-01
771000	1.0312310000e-01
772000	1.0781350000e-01
773000	1.0470540000e-01
774000	1.0781350000e-01
775000	1.0625360000e-01
776000	1.0937560000e-01
777000	1.0625640000e-01
778000	1.0626080000e-01
779000	1.0781230000e-01
780000	1.0625900000e-01
781000	1.0625080000e-01
782000	1.1093810000e-01
783000	1.0624990000e-01
784000	1.0781210000e-01
785000	1.0625220000e-01
786000	1.0937380000e-01
787000	1.0937440000e-01
788000	1.1093760000e-01
789000	1.0937650000e-01
790000	1.0937410000e-01
791000	1.1093710000e-01
792000	1.0937610000e-01
793000	1.0781240000e-01
794000	1.0781850000e-01
795000	1.0937560000e-01
796000	1.1093820000e-01
797000	1.1093810000e-01
798000	1.0937560000e-01
799000	1.1249830000e-01
800000	1.1093820000e-01
801000	1.1094210000e-01
802000	1.1406400000e-01
803000	1.1250280000e-01
804000	1.1093650000e-01
805000	1.0938330000e-01
806000	1.0937630000e-01
807000	1.1093900000e-01
808000	1.1406140000e-01
809000	1.1093750000e-01
810000	1.1250170000e-01
811000	1.1407180000e-01
812000	1.1250200000e-01
813000	1.1094040000e-01
814000	1.1562470000e-01
815000	1.1562400000e-01
816000	1.1248840000e-01
817000	1.1562420000e-01
818000	1.1406080000e-01
819000	1.1250130000e-01
820000	1.1406240000e-01
821000	1.1562430000e-01
822000	1.1249870000e-01
823000	1.1718870000e-01
824000	1.1250570000e-01
825000	1.1718650000e-01
826000	1.1250760000e-01
827000	1.1718650000e-01
828000	1.1718730000e-01
829000	1.1718270000e-01
830000	1.1718680000e-01
831000	1.1406320000e-01
832000	1.1874960000e-01
833000	1.1563020000e-01
834000	1.1562730000e-01
835000	1.1875010000e-01
836000	1.1406220000e-01
837000	1.1719580000e-01
838000	1.1562640000e-01
839000	1.1718770000e-01
840000	1.1717790000e-01
841000	1.2031940000e-01
842000	1.1249980000e-01
843000	1.1718710000e-01
844000	1.2031360000e-01
845000	1.0937160000e-01
846000	1.2343750000e-01
847000	1.2187630000e-01
848000	1.2031320000e-01
849000	1.2343530000e-01
850000	1.1718730000e-01
851000	1.2343710000e-01
852000	1.2343580000e-01
853000	1.2500060000e-01
854000	1.2031310000e-01
855000	1.1562340000e-01
856000	1.2187610000e-01
857000	1.1562420000e-01
858000	1.1719860000e-01
859000	1.2343900000e-01
860000	1.2031300000e-01
861000	1.2188290000e-01
862000	1.1718720000e-01
863000	1.2499970000e-01
864000	1.2187410000e-01
865000	1.2187380000e-01
866000	1.1874800000e-01
867000	1.1874900000e-01
868000	1.2500170000e-01
869000	1.2343860000e-01
870000	1.2343880000e-01
871000	1.1875730000e-01
872000	1.2500210000e-01
873000	1.2343780000e-01
874000	1.2343510000e-01
875000	1.2032140000e-01
876000	1.2187840000e-01
877000	1.2500220000e-01
878000	1.2343690000e-01
879000	1.2500100000e-01
880000	1.2500150000e-01
881000	1.3124900000e-01
882000	1.2656240000e-01
883000	1.2500300000e-01
884000	1.2656340000e-01
885000	1.2500040000e-01
886000	1.2656000000e-01
887000	1.2345720000e-01
888000	1.2500160000e-01
889000	1.2656430000e-01
890000	1.2499990000e-01
891000	1.2500770000e-01
892000	1.2656240000e-01
893000	1.2501060000e-01
894000	1.2815240000e-01
895000	1.2655620000e-01
896000	1.3125040000e-01
897000	1.2812350000e-01
898000	1.2812540000e-01
899000	1.2656000000e-01
900000	1.2812250000e-01
901000	1.2812530000e-01
902000	1.2657090000e-01
903000	1.2813480000e-01
904000	1.2656360000e-01
905000	1.2656260000e-01
906000	1.2812140000e-01
907000	1.2969050000e-01
908000	1.2968650000e-01
909000	1.2968610000e-01
910000	1.2969760000e-01
911000	1.2812400000e-01
912000	1.2813000000e-01
913000	1.2656200000e-01
914000	1.2968820000e-01
915000	1.2969440000e-01
916000	1.2968570000e-01
917000	1.3125080000e-01
918000	1.2812510000e-01
919000	1.2812110000e-01
920000	1.3281350000e-01
921000	1.2812400000e-01
922000	1.3125580000e-01
923000	1.2811680000e-01
924000	1.3281120000e-01
925000	1.3125110000e-01
926000	1.3124710000e-01
927000	1.2967640000e-01
928000	1.2968660000e-01
929000	1.2812380000e-01
930000	1.3124650000e-01
931000	1.3437550000e-01
932000	1.3281270000e-01
933000	1.3281510000e-01
934000	1.2812600000e-01
935000	1.3749580000e-01
936000	1.3124620000e-01
937000	1.2812700000e-01
938000	1.3593780000e-01
939000	1.3906180000e-01
940000	1.4063520000e-01
941000	1.2812590000e-01
942000	1.2499380000e-01
943000	1.2656530000e-01
944000	1.2500020000e-01
945000	1.2501490000e-01
946000	1.2656020000e-01
947000	1.2500690000e-01
948000	1.2500830000e-01
949000	1.2656090000e-01
950000	1.3749890000e-01
951000	1.3126100000e-01
952000	1.3593740000e-01
953000	1.3438160000e-01
954000	1.3593730000e-01
955000	1.3281960000e-01
956000	1.3749820000e-01
957000	1.3592720000e-01
958000	1.3593580000e-01
959000	1.3437090000e-01
960000	1.3593690000e-01
961000	1.3282210000e-01
962000	1.3906230000e-01
963000	1.3437590000e-01
964000	1.3594590000e-01
965000	1.3437280000e-01
966000	1.3749850000e-01
967000	1.3749740000e-01
968000	1.4062560000e-01
969000	1.4062350000e-01
970000	1.3749940000e-01
971000	1.3906500000e-01
972000	1.3906230000e-01
973000	1.3593560000e-01
974000	1.3750690000e-01
975000	1.4062480000e-01
976000	1.3907290000e-01
977000	1.3906360000e-01
978000	1.3906360000e-01
979000	1.4062620000e-01
980000	1.3750020000e-01
981000	1.4062740000e-01
982000	1.4062410000e-01
983000	1.3906330000e-01
984000	1.4218700000e-01
985000	1.3907000000e-01
986000	1.3906690000e-01
987000	1.3906100000e-01
988000	1.3906190000e-01
989000	1.4218740000e-01
990000	1.4062470000e-01
991000	1.4062280000e-01
992000	1.4063770000e-01
993000	1.3907420000e-01
994000	1.4062430000e-01
995000	1.3906130000e-01
996000	1.3907040000e-01
997000	1.4219260000e-01
998000	1.4375030000e-01
999000	1.4218840000e-01
1000000	1.4062220000e-01
